4
User Defined


Rec0.3*0.3

R
0.3
0.3
0
0
0
0
0
0.09
0.000675
0.00675
0.075
0.000675
0.00675
0.075
0.00114075
0.15
0.15
0.0045
0.0045
0.0045
0.0045
0.08660254
0.08660254
0
0
0
2
1
1
1
1
1
1
1
1
2
0
0
25
25
300
300
300
300
AISC14
in
STEEL_BOX
HSS20X12X5/8

W
0.25
0
0.1
0.01
0.08
0.008
0.005
0.0028
2.837E-05
0.00026064
0.00116
1.18E-06
3.925E-05
0.00164
6E-08
0
0.13978571
4.737E-05
0
0
0
0.10066565
0.02050334
0
0
0
1
0
0
0
0
0
0
0
0
0
0
0
0
0
0
0
0
0
AISC14
in
STEEL_BOX
HSS20X12X1/2

W
1
0
0.8
0.05
0.9
0.05
0.05
0.13
0.02218994
0.05042534
0.045
0.00518021
0.0186875
0.085
0.00011042
0
0.48173077
0.00745833
0
0
0
0.41314873
0.19961903
0
0
0
1
0
0
0
0
0
0
0
0
0
0
0
0
0
0
0
0
0
AISC14
in
STEEL_BOX
llll

W
0.5
0
0.375
0
0.375
0
0.375
0.1875
0.00390625
0.0234375
0.1875
0.00219727
0.01757812
0
0.00878906
0
0.25
0.015625
0
0
0
0.14433757
0.10825318
0
0
0
1
0
0
0
0
0
0
0
0
0
0
0
0
0
0
0
0
0
