16
346.833
584.333
25
0
1
1
0
3
0
483.333
584.333
25
0
1
1
0
3
0
619.833
584.333
25
0
1
1
0
3
0
744.333
459.833
25
0
2
1
0
3
0
744.333
323.333
25
0
2
1
0
3
0
744.333
186.833
25
0
2
1
0
3
0
619.833
62.333
25
0
3
1
0
3
0
483.333
62.333
25
0
3
1
0
3
0
346.833
62.333
25
0
3
1
0
3
0
222.333
186.833
25
0
4
1
0
3
0
222.333
323.333
25
0
4
1
0
3
0
222.333
459.833
25
0
4
1
0
3
0
222.333
584.333
25
0
0
1
0
4
1
744.333
584.333
25
0
0
1
0
4
2
744.333
62.333
25
0
0
1
0
4
3
222.333
62.333
25
0
0
1
0
4
4
0
1
1
0
0
570
570
483.333
323.333
12
198.333
608.333
768.333
608.333
3
25
144
25
768.333
608.333
768.333
38.3330000000001
3
25
144
25
768.333
38.3330000000001
198.333
38.3330000000001
3
25
144
25
198.333
38.3330000000001
198.333
608.333
3
25
144
25
1
1
1
650
650
483.333
323.333
158.333
648.333
808.333
648.333
40
808.333
648.333
808.333
-1.66699999999997
40
808.333
-1.66699999999997
158.333
-1.66699999999997
40
158.333
-1.66699999999997
158.333
648.333
40
0
0
0
0
0
