5
4
0
A
0
0
0
12
0
5
B
5
0
5
12
0
5
C
10
0
10
12
0
5
D
15
0
15
12
0
5
E
20
0
20
12
0
0
1
0
0
20
0
0
4
2
0
4
20
4
0
4
3
0
8
20
8
0
4
4
0
12
20
12
0
0
9
Story1
3
3
Story 2
3
6
Story 3
3
9
Story 4
3
12
Story 5
3
15
Story 6
3
18
Story 7
3
21
Story 8
3
24
Story 9
3
27
120
15
0
3
0
0
0
0
0
0
0
0
0
0
0
0
15
0
0
1
1
1
1
1
1
0
0
0
0
0
0
20
0
3
0
0
0
0
0
0
0
0
0
0
0
0
20
0
0
1
1
1
1
1
1
0
0
0
0
0
0
10
0
3
0
0
0
0
0
0
0
0
0
0
0
0
5
0
3
0
0
0
0
0
0
0
0
0
0
0
0
0
0
3
0
0
0
0
0
0
0
0
0
0
0
0
0
0
0
1
1
1
1
1
1
0
0
0
0
0
0
5
0
0
1
1
1
1
1
1
0
0
0
0
0
0
10
0
0
1
1
1
1
1
1
0
0
0
0
0
0
15
0
15
0
0
0
0
0
0
0
0
0
0
0
0
15
0
12
0
0
0
0
0
0
0
0
0
0
0
0
15
0
9
0
0
0
0
0
0
0
0
0
0
0
0
15
0
6
0
0
0
0
0
0
0
0
0
0
0
0
20
0
15
0
0
0
0
0
0
0
0
0
0
0
0
20
0
12
0
0
0
0
0
0
0
0
0
0
0
0
20
0
9
0
0
0
0
0
0
0
0
0
0
0
0
20
0
6
0
0
0
0
0
0
0
0
0
0
0
0
10
0
15
0
0
0
0
0
0
0
0
0
0
0
0
10
0
12
0
0
0
0
0
0
0
0
0
0
0
0
10
0
9
0
0
0
0
0
0
0
0
0
0
0
0
10
0
6
0
0
0
0
0
0
0
0
0
0
0
0
5
0
15
0
0
0
0
0
0
0
0
0
0
0
0
5
0
12
0
0
0
0
0
0
0
0
0
0
0
0
5
0
9
0
0
0
0
0
0
0
0
0
0
0
0
5
0
6
0
0
0
0
0
0
0
0
0
0
0
0
0
0
15
0
0
0
0
0
0
0
0
0
0
0
0
0
0
12
0
0
0
0
0
0
0
0
0
0
0
0
0
0
9
0
0
0
0
0
0
0
0
0
0
0
0
0
0
6
0
0
0
0
0
0
0
0
0
0
0
0
15
4
3
0
0
0
0
0
0
0
0
0
0
0
0
15
4
0
1
1
1
1
1
1
0
0
0
0
0
0
15
8
3
0
0
0
0
0
0
0
0
0
0
0
0
15
8
0
1
1
1
1
1
1
0
0
0
0
0
0
15
12
3
0
0
0
0
0
0
0
0
0
0
0
0
15
12
0
1
1
1
1
1
1
0
0
0
0
0
0
20
4
3
0
0
0
0
0
0
0
0
0
0
0
0
20
4
0
1
1
1
1
1
1
0
0
0
0
0
0
20
8
3
0
0
0
0
0
0
0
0
0
0
0
0
20
8
0
1
1
1
1
1
1
0
0
0
0
0
0
20
12
3
0
0
0
0
0
0
0
0
0
0
0
0
20
12
0
1
1
1
1
1
1
0
0
0
0
0
0
10
4
3
0
0
0
0
0
0
0
0
0
0
0
0
10
8
3
0
0
0
0
0
0
0
0
0
0
0
0
10
12
3
0
0
0
0
0
0
0
0
0
0
0
0
5
4
3
0
0
0
0
0
0
0
0
0
0
0
0
5
8
3
0
0
0
0
0
0
0
0
0
0
0
0
5
12
3
0
0
0
0
0
0
0
0
0
0
0
0
0
4
3
0
0
0
0
0
0
0
0
0
0
0
0
0
8
3
0
0
0
0
0
0
0
0
0
0
0
0
0
12
3
0
0
0
0
0
0
0
0
0
0
0
0
0
4
0
1
1
1
1
1
1
0
0
0
0
0
0
0
8
0
1
1
1
1
1
1
0
0
0
0
0
0
0
12
0
1
1
1
1
1
1
0
0
0
0
0
0
5
4
0
1
1
1
1
1
1
0
0
0
0
0
0
5
8
0
1
1
1
1
1
1
0
0
0
0
0
0
5
12
0
1
1
1
1
1
1
0
0
0
0
0
0
10
4
0
1
1
1
1
1
1
0
0
0
0
0
0
10
8
0
1
1
1
1
1
1
0
0
0
0
0
0
10
12
0
1
1
1
1
1
1
0
0
0
0
0
0
15
4
15
0
0
0
0
0
0
0
0
0
0
0
0
15
4
12
0
0
0
0
0
0
0
0
0
0
0
0
15
8
15
0
0
0
0
0
0
0
0
0
0
0
0
15
8
12
0
0
0
0
0
0
0
0
0
0
0
0
15
12
15
0
0
0
0
0
0
0
0
0
0
0
0
15
12
12
0
0
0
0
0
0
0
0
0
0
0
0
15
4
9
0
0
0
0
0
0
0
0
0
0
0
0
15
8
9
0
0
0
0
0
0
0
0
0
0
0
0
15
12
9
0
0
0
0
0
0
0
0
0
0
0
0
15
4
6
0
0
0
0
0
0
0
0
0
0
0
0
15
8
6
0
0
0
0
0
0
0
0
0
0
0
0
15
12
6
0
0
0
0
0
0
0
0
0
0
0
0
20
4
15
0
0
0
0
0
0
0
0
0
0
0
0
20
4
12
0
0
0
0
0
0
0
0
0
0
0
0
20
8
15
0
0
0
0
0
0
0
0
0
0
0
0
20
8
12
0
0
0
0
0
0
0
0
0
0
0
0
20
12
15
0
0
0
0
0
0
0
0
0
0
0
0
20
12
12
0
0
0
0
0
0
0
0
0
0
0
0
20
4
9
0
0
0
0
0
0
0
0
0
0
0
0
20
8
9
0
0
0
0
0
0
0
0
0
0
0
0
20
12
9
0
0
0
0
0
0
0
0
0
0
0
0
20
4
6
0
0
0
0
0
0
0
0
0
0
0
0
20
8
6
0
0
0
0
0
0
0
0
0
0
0
0
20
12
6
0
0
0
0
0
0
0
0
0
0
0
0
10
4
15
0
0
0
0
0
0
0
0
0
0
0
0
10
8
15
0
0
0
0
0
0
0
0
0
0
0
0
10
12
15
0
0
0
0
0
0
0
0
0
0
0
0
10
4
12
0
0
0
0
0
0
0
0
0
0
0
0
10
8
12
0
0
0
0
0
0
0
0
0
0
0
0
10
12
12
0
0
0
0
0
0
0
0
0
0
0
0
10
4
9
0
0
0
0
0
0
0
0
0
0
0
0
10
8
9
0
0
0
0
0
0
0
0
0
0
0
0
10
12
9
0
0
0
0
0
0
0
0
0
0
0
0
10
4
6
0
0
0
0
0
0
0
0
0
0
0
0
10
8
6
0
0
0
0
0
0
0
0
0
0
0
0
10
12
6
0
0
0
0
0
0
0
0
0
0
0
0
5
4
15
0
0
0
0
0
0
0
0
0
0
0
0
5
8
15
0
0
0
0
0
0
0
0
0
0
0
0
5
12
15
0
0
0
0
0
0
0
0
0
0
0
0
5
4
12
0
0
0
0
0
0
0
0
0
0
0
0
5
8
12
0
0
0
0
0
0
0
0
0
0
0
0
5
12
12
0
0
0
0
0
0
0
0
0
0
0
0
5
4
9
0
0
0
0
0
0
0
0
0
0
0
0
5
8
9
0
0
0
0
0
0
0
0
0
0
0
0
5
12
9
0
0
0
0
0
0
0
0
0
0
0
0
5
4
6
0
0
0
0
0
0
0
0
0
0
0
0
5
8
6
0
0
0
0
0
0
0
0
0
0
0
0
5
12
6
0
0
0
0
0
0
0
0
0
0
0
0
0
4
15
0
0
0
0
0
0
0
0
0
0
0
0
0
8
15
0
0
0
0
0
0
0
0
0
0
0
0
0
12
15
0
0
0
0
0
0
0
0
0
0
0
0
0
4
12
0
0
0
0
0
0
0
0
0
0
0
0
0
8
12
0
0
0
0
0
0
0
0
0
0
0
0
0
12
12
0
0
0
0
0
0
0
0
0
0
0
0
0
4
9
0
0
0
0
0
0
0
0
0
0
0
0
0
8
9
0
0
0
0
0
0
0
0
0
0
0
0
0
12
9
0
0
0
0
0
0
0
0
0
0
0
0
0
4
6
0
0
0
0
0
0
0
0
0
0
0
0
0
8
6
0
0
0
0
0
0
0
0
0
0
0
0
0
12
6
0
0
0
0
0
0
0
0
0
0
0
0
255
1
2
1
0
0
0
3
4
1
0
0
0
1
3
1
0
1
0
0
0
0
0
0.25
0.75
1
1
-1000000
1
0
0
1
5
1
0
1
0
0
0
0
0
0.25
0.75
1
1
-1000000
1
0
0
5
6
1
0
1
0
0
0
0
0
0.25
0.75
1
1
-1000000
1
0
0
6
7
1
0
1
0
0
0
0
0
0.25
0.75
1
1
-1000000
1
0
0
7
8
1
0
1
0
0
0
0
0
0.25
0.75
1
1
1000000
1
0
0
6
9
1
0
0
0
5
10
1
0
0
0
11
12
1
0
0
0
12
13
1
0
0
0
13
14
1
0
0
0
14
1
1
0
0
0
15
16
1
0
0
0
16
17
1
0
0
0
17
18
1
0
0
0
18
3
1
0
0
0
11
15
1
0
1
0
0
0
0
0
0.25
0.75
1
1
-1000000
1
0
0
12
16
1
0
1
0
0
0
0
0
0.25
0.75
1
1
-1000000
1
0
0
13
17
1
0
1
0
0
0
0
0
0.25
0.75
1
1
-1000000
1
0
0
14
18
1
0
1
0
0
0
0
0
0.25
0.75
1
1
-1000000
1
0
0
11
19
1
0
1
0
0
0
0
0
0.25
0.75
1
1
-1000000
1
0
0
12
20
1
0
1
0
0
0
0
0
0.25
0.75
1
1
-1000000
1
0
0
13
21
1
0
1
0
0
0
0
0
0.25
0.75
1
1
-1000000
1
0
0
14
22
1
0
1
0
0
0
0
0
0.25
0.75
1
1
-1000000
1
0
0
19
23
1
0
1
0
0
0
0
0
0.25
0.75
1
1
-1000000
1
0
0
20
24
1
0
1
0
0
0
0
0
0.25
0.75
1
1
-1000000
1
0
0
21
25
1
0
1
0
0
0
0
0
0.25
0.75
1
1
-1000000
1
0
0
22
26
1
0
1
0
0
0
0
0
0.25
0.75
1
1
-1000000
1
0
0
23
27
1
0
1
0
0
0
0
0
0.25
0.75
1
1
-1000000
1
0
0
24
28
1
0
1
0
0
0
0
0
0.25
0.75
1
1
-1000000
1
0
0
25
29
1
0
1
0
0
0
0
0
0.25
0.75
1
1
-1000000
1
0
0
26
30
1
0
1
0
0
0
0
0
0.25
0.75
1
1
-1000000
1
0
0
27
28
1
0
1
0
0
0
0
0
0.25
0.75
1
1
1000000
1
0
0
28
29
1
0
1
0
0
0
0
0
0.25
0.75
1
1
1000000
1
0
0
29
30
1
0
1
0
0
0
0
0
0.25
0.75
1
1
1000000
1
0
0
30
7
1
0
1
0
0
0
0
0
0.25
0.75
1
1
1000000
1
0
0
23
24
1
0
0
0
24
25
1
0
0
0
25
26
1
0
0
0
26
6
1
0
0
0
19
20
1
0
0
0
20
21
1
0
0
0
21
22
1
0
0
0
22
5
1
0
0
0
31
32
1
0
0
0
33
34
1
0
0
0
35
36
1
0
0
0
37
38
1
0
0
0
39
40
1
0
0
0
41
42
1
0
0
0
31
37
1
0
1
0
0
0
0
0
0.25
0.75
1
1
-1000000
1
0
0
33
39
1
0
1
0
0
0
0
0
0.25
0.75
1
1
-1000000
1
0
0
35
41
1
0
1
0
0
0
0
0
0.25
0.75
1
1
-1000000
1
0
0
31
43
1
0
1
0
0
0
0
0
0.25
0.75
1
1
-1000000
1
0
0
33
44
1
0
1
0
0
0
0
0
0.25
0.75
1
1
-1000000
1
0
0
35
45
1
0
1
0
0
0
0
0
0.25
0.75
1
1
-1000000
1
0
0
43
46
1
0
1
0
0
0
0
0
0.25
0.75
1
1
-1000000
1
0
0
44
47
1
0
1
0
0
0
0
0
0.25
0.75
1
1
-1000000
1
0
0
45
48
1
0
1
0
0
0
0
0
0.25
0.75
1
1
-1000000
1
0
0
46
49
1
0
1
0
0
0
0
0
0.25
0.75
1
1
-1000000
1
0
0
47
50
1
0
1
0
0
0
0
0
0.25
0.75
1
1
-1000000
1
0
0
48
51
1
0
1
0
0
0
0
0
0.25
0.75
1
1
-1000000
1
0
0
49
52
1
0
1
0
0
0
0
0
0.25
0.75
1
1
1000000
1
0
0
50
53
1
0
1
0
0
0
0
0
0.25
0.75
1
1
1000000
1
0
0
51
54
1
0
1
0
0
0
0
0
0.25
0.75
1
1
1000000
1
0
0
46
55
1
0
0
0
47
56
1
0
0
0
48
57
1
0
0
0
43
58
1
0
0
0
44
59
1
0
0
0
45
60
1
0
0
0
61
62
1
0
0
0
63
64
1
0
0
0
65
66
1
0
0
0
62
67
1
0
0
0
64
68
1
0
0
0
66
69
1
0
0
0
67
70
1
0
0
0
68
71
1
0
0
0
69
72
1
0
0
0
70
31
1
0
0
0
71
33
1
0
0
0
72
35
1
0
0
0
73
74
1
0
0
0
75
76
1
0
0
0
77
78
1
0
0
0
74
79
1
0
0
0
76
80
1
0
0
0
78
81
1
0
0
0
79
82
1
0
0
0
80
83
1
0
0
0
81
84
1
0
0
0
82
37
1
0
0
0
83
39
1
0
0
0
84
41
1
0
0
0
61
73
1
0
1
0
0
0
0
0
0.25
0.75
1
1
-1000000
1
0
0
63
75
1
0
1
0
0
0
0
0
0.25
0.75
1
1
-1000000
1
0
0
65
77
1
0
1
0
0
0
0
0
0.25
0.75
1
1
-1000000
1
0
0
62
74
1
0
1
0
0
0
0
0
0.25
0.75
1
1
-1000000
1
0
0
64
76
1
0
1
0
0
0
0
0
0.25
0.75
1
1
-1000000
1
0
0
66
78
1
0
1
0
0
0
0
0
0.25
0.75
1
1
-1000000
1
0
0
67
79
1
0
1
0
0
0
0
0
0.25
0.75
1
1
-1000000
1
0
0
68
80
1
0
1
0
0
0
0
0
0.25
0.75
1
1
-1000000
1
0
0
69
81
1
0
1
0
0
0
0
0
0.25
0.75
1
1
-1000000
1
0
0
70
82
1
0
1
0
0
0
0
0
0.25
0.75
1
1
-1000000
1
0
0
71
83
1
0
1
0
0
0
0
0
0.25
0.75
1
1
-1000000
1
0
0
72
84
1
0
1
0
0
0
0
0
0.25
0.75
1
1
-1000000
1
0
0
61
85
1
0
1
0
0
0
0
0
0.25
0.75
1
1
-1000000
1
0
0
63
86
1
0
1
0
0
0
0
0
0.25
0.75
1
1
-1000000
1
0
0
65
87
1
0
1
0
0
0
0
0
0.25
0.75
1
1
-1000000
1
0
0
62
88
1
0
1
0
0
0
0
0
0.25
0.75
1
1
-1000000
1
0
0
64
89
1
0
1
0
0
0
0
0
0.25
0.75
1
1
-1000000
1
0
0
66
90
1
0
1
0
0
0
0
0
0.25
0.75
1
1
-1000000
1
0
0
67
91
1
0
1
0
0
0
0
0
0.25
0.75
1
1
-1000000
1
0
0
68
92
1
0
1
0
0
0
0
0
0.25
0.75
1
1
-1000000
1
0
0
69
93
1
0
1
0
0
0
0
0
0.25
0.75
1
1
-1000000
1
0
0
70
94
1
0
1
0
0
0
0
0
0.25
0.75
1
1
-1000000
1
0
0
71
95
1
0
1
0
0
0
0
0
0.25
0.75
1
1
-1000000
1
0
0
72
96
1
0
1
0
0
0
0
0
0.25
0.75
1
1
-1000000
1
0
0
85
97
1
0
1
0
0
0
0
0
0.25
0.75
1
1
-1000000
1
0
0
86
98
1
0
1
0
0
0
0
0
0.25
0.75
1
1
-1000000
1
0
0
87
99
1
0
1
0
0
0
0
0
0.25
0.75
1
1
-1000000
1
0
0
88
100
1
0
1
0
0
0
0
0
0.25
0.75
1
1
-1000000
1
0
0
89
101
1
0
1
0
0
0
0
0
0.25
0.75
1
1
-1000000
1
0
0
90
102
1
0
1
0
0
0
0
0
0.25
0.75
1
1
-1000000
1
0
0
91
103
1
0
1
0
0
0
0
0
0.25
0.75
1
1
-1000000
1
0
0
92
104
1
0
1
0
0
0
0
0
0.25
0.75
1
1
-1000000
1
0
0
93
105
1
0
1
0
0
0
0
0
0.25
0.75
1
1
-1000000
1
0
0
94
106
1
0
1
0
0
0
0
0
0.25
0.75
1
1
-1000000
1
0
0
95
107
1
0
1
0
0
0
0
0
0.25
0.75
1
1
-1000000
1
0
0
96
108
1
0
1
0
0
0
0
0
0.25
0.75
1
1
-1000000
1
0
0
97
109
1
0
1
0
0
0
0
0
0.25
0.75
1
1
-1000000
1
0
0
98
110
1
0
1
0
0
0
0
0
0.25
0.75
1
1
-1000000
1
0
0
99
111
1
0
1
0
0
0
0
0
0.25
0.75
1
1
-1000000
1
0
0
100
112
1
0
1
0
0
0
0
0
0.25
0.75
1
1
-1000000
1
0
0
101
113
1
0
1
0
0
0
0
0
0.25
0.75
1
1
-1000000
1
0
0
102
114
1
0
1
0
0
0
0
0
0.25
0.75
1
1
-1000000
1
0
0
103
115
1
0
1
0
0
0
0
0
0.25
0.75
1
1
-1000000
1
0
0
104
116
1
0
1
0
0
0
0
0
0.25
0.75
1
1
-1000000
1
0
0
105
117
1
0
1
0
0
0
0
0
0.25
0.75
1
1
-1000000
1
0
0
106
118
1
0
1
0
0
0
0
0
0.25
0.75
1
1
-1000000
1
0
0
107
119
1
0
1
0
0
0
0
0
0.25
0.75
1
1
-1000000
1
0
0
108
120
1
0
1
0
0
0
0
0
0.25
0.75
1
1
-1000000
1
0
0
109
112
1
0
1
0
0
0
0
0
0.25
0.75
1
1
1000000
1
0
0
110
113
1
0
1
0
0
0
0
0
0.25
0.75
1
1
1000000
1
0
0
111
114
1
0
1
0
0
0
0
0
0.25
0.75
1
1
1000000
1
0
0
112
115
1
0
1
0
0
0
0
0
0.25
0.75
1
1
1000000
1
0
0
113
116
1
0
1
0
0
0
0
0
0.25
0.75
1
1
1000000
1
0
0
114
117
1
0
1
0
0
0
0
0
0.25
0.75
1
1
1000000
1
0
0
115
118
1
0
1
0
0
0
0
0
0.25
0.75
1
1
1000000
1
0
0
116
119
1
0
1
0
0
0
0
0
0.25
0.75
1
1
1000000
1
0
0
117
120
1
0
1
0
0
0
0
0
0.25
0.75
1
1
1000000
1
0
0
118
49
1
0
1
0
0
0
0
0
0.25
0.75
1
1
1000000
1
0
0
119
50
1
0
1
0
0
0
0
0
0.25
0.75
1
1
1000000
1
0
0
120
51
1
0
1
0
0
0
0
0
0.25
0.75
1
1
1000000
1
0
0
97
100
1
0
0
0
98
101
1
0
0
0
99
102
1
0
0
0
100
103
1
0
0
0
101
104
1
0
0
0
102
105
1
0
0
0
103
106
1
0
0
0
104
107
1
0
0
0
105
108
1
0
0
0
106
46
1
0
0
0
107
47
1
0
0
0
108
48
1
0
0
0
85
88
1
0
0
0
86
89
1
0
0
0
87
90
1
0
0
0
88
91
1
0
0
0
89
92
1
0
0
0
90
93
1
0
0
0
91
94
1
0
0
0
92
95
1
0
0
0
93
96
1
0
0
0
94
43
1
0
0
0
95
44
1
0
0
0
96
45
1
0
0
0
48
47
1
0
1
0
0
0
0
0
0.25
0.75
1
1
-1000000
1
0
0
45
44
1
0
1
0
0
0
0
0
0.25
0.75
1
1
-1000000
1
0
0
35
33
1
0
1
0
0
0
0
0
0.25
0.75
1
1
-1000000
1
0
0
41
39
1
0
1
0
0
0
0
0
0.25
0.75
1
1
-1000000
1
0
0
47
46
1
0
1
0
0
0
0
0
0.25
0.75
1
1
-1000000
1
0
0
44
43
1
0
1
0
0
0
0
0
0.25
0.75
1
1
-1000000
1
0
0
33
31
1
0
1
0
0
0
0
0
0.25
0.75
1
1
-1000000
1
0
0
39
37
1
0
1
0
0
0
0
0
0.25
0.75
1
1
-1000000
1
0
0
46
6
1
0
1
0
0
0
0
0
0.25
0.75
1
1
-1000000
1
0
0
43
5
1
0
1
0
0
0
0
0
0.25
0.75
1
1
-1000000
1
0
0
31
1
1
0
1
0
0
0
0
0
0.25
0.75
1
1
-1000000
1
0
0
37
3
1
0
1
0
0
0
0
0
0.25
0.75
1
1
-1000000
1
0
0
7
49
1
0
1
0
0
0
0
0
0.25
0.75
1
1
-1000000
1
0
0
49
50
1
0
1
0
0
0
0
0
0.25
0.75
1
1
-1000000
1
0
0
50
51
1
0
1
0
0
0
0
0
0.25
0.75
1
1
-1000000
1
0
0
99
98
1
0
1
0
0
0
0
0
0.25
0.75
1
1
-1000000
1
0
0
102
101
1
0
1
0
0
0
0
0
0.25
0.75
1
1
-1000000
1
0
0
105
104
1
0
1
0
0
0
0
0
0.25
0.75
1
1
-1000000
1
0
0
108
107
1
0
1
0
0
0
0
0
0.25
0.75
1
1
-1000000
1
0
0
87
86
1
0
1
0
0
0
0
0
0.25
0.75
1
1
-1000000
1
0
0
90
89
1
0
1
0
0
0
0
0
0.25
0.75
1
1
-1000000
1
0
0
93
92
1
0
1
0
0
0
0
0
0.25
0.75
1
1
-1000000
1
0
0
96
95
1
0
1
0
0
0
0
0
0.25
0.75
1
1
-1000000
1
0
0
65
63
1
0
1
0
0
0
0
0
0.25
0.75
1
1
-1000000
1
0
0
66
64
1
0
1
0
0
0
0
0
0.25
0.75
1
1
-1000000
1
0
0
69
68
1
0
1
0
0
0
0
0
0.25
0.75
1
1
-1000000
1
0
0
72
71
1
0
1
0
0
0
0
0
0.25
0.75
1
1
-1000000
1
0
0
77
75
1
0
1
0
0
0
0
0
0.25
0.75
1
1
-1000000
1
0
0
78
76
1
0
1
0
0
0
0
0
0.25
0.75
1
1
-1000000
1
0
0
81
80
1
0
1
0
0
0
0
0
0.25
0.75
1
1
-1000000
1
0
0
84
83
1
0
1
0
0
0
0
0
0.25
0.75
1
1
-1000000
1
0
0
98
97
1
0
1
0
0
0
0
0
0.25
0.75
1
1
-1000000
1
0
0
101
100
1
0
1
0
0
0
0
0
0.25
0.75
1
1
-1000000
1
0
0
104
103
1
0
1
0
0
0
0
0
0.25
0.75
1
1
-1000000
1
0
0
107
106
1
0
1
0
0
0
0
0
0.25
0.75
1
1
-1000000
1
0
0
86
85
1
0
1
0
0
0
0
0
0.25
0.75
1
1
-1000000
1
0
0
89
88
1
0
1
0
0
0
0
0
0.25
0.75
1
1
-1000000
1
0
0
92
91
1
0
1
0
0
0
0
0
0.25
0.75
1
1
-1000000
1
0
0
95
94
1
0
1
0
0
0
0
0
0.25
0.75
1
1
-1000000
1
0
0
63
61
1
0
1
0
0
0
0
0
0.25
0.75
1
1
-1000000
1
0
0
64
62
1
0
1
0
0
0
0
0
0.25
0.75
1
1
-1000000
1
0
0
68
67
1
0
1
0
0
0
0
0
0.25
0.75
1
1
-1000000
1
0
0
71
70
1
0
1
0
0
0
0
0
0.25
0.75
1
1
-1000000
1
0
0
75
73
1
0
1
0
0
0
0
0
0.25
0.75
1
1
-1000000
1
0
0
76
74
1
0
1
0
0
0
0
0
0.25
0.75
1
1
-1000000
1
0
0
80
79
1
0
1
0
0
0
0
0
0.25
0.75
1
1
-1000000
1
0
0
83
82
1
0
1
0
0
0
0
0
0.25
0.75
1
1
-1000000
1
0
0
97
23
1
0
1
0
0
0
0
0
0.25
0.75
1
1
-1000000
1
0
0
100
24
1
0
1
0
0
0
0
0
0.25
0.75
1
1
-1000000
1
0
0
103
25
1
0
1
0
0
0
0
0
0.25
0.75
1
1
-1000000
1
0
0
106
26
1
0
1
0
0
0
0
0
0.25
0.75
1
1
-1000000
1
0
0
85
19
1
0
1
0
0
0
0
0
0.25
0.75
1
1
-1000000
1
0
0
88
20
1
0
1
0
0
0
0
0
0.25
0.75
1
1
-1000000
1
0
0
91
21
1
0
1
0
0
0
0
0
0.25
0.75
1
1
-1000000
1
0
0
94
22
1
0
1
0
0
0
0
0
0.25
0.75
1
1
-1000000
1
0
0
61
11
1
0
1
0
0
0
0
0
0.25
0.75
1
1
-1000000
1
0
0
62
12
1
0
1
0
0
0
0
0
0.25
0.75
1
1
-1000000
1
0
0
67
13
1
0
1
0
0
0
0
0
0.25
0.75
1
1
-1000000
1
0
0
70
14
1
0
1
0
0
0
0
0
0.25
0.75
1
1
-1000000
1
0
0
73
15
1
0
1
0
0
0
0
0
0.25
0.75
1
1
-1000000
1
0
0
74
16
1
0
1
0
0
0
0
0
0.25
0.75
1
1
-1000000
1
0
0
79
17
1
0
1
0
0
0
0
0
0.25
0.75
1
1
-1000000
1
0
0
82
18
1
0
1
0
0
0
0
0
0.25
0.75
1
1
-1000000
1
0
0
27
109
1
0
1
0
0
0
0
0
0.25
0.75
1
1
-1000000
1
0
0
28
112
1
0
1
0
0
0
0
0
0.25
0.75
1
1
-1000000
1
0
0
29
115
1
0
1
0
0
0
0
0
0.25
0.75
1
1
-1000000
1
0
0
30
118
1
0
1
0
0
0
0
0
0.25
0.75
1
1
-1000000
1
0
0
109
110
1
0
1
0
0
0
0
0
0.25
0.75
1
1
-1000000
1
0
0
112
113
1
0
1
0
0
0
0
0
0.25
0.75
1
1
-1000000
1
0
0
115
116
1
0
1
0
0
0
0
0
0.25
0.75
1
1
-1000000
1
0
0
118
119
1
0
1
0
0
0
0
0
0.25
0.75
1
1
-1000000
1
0
0
110
111
1
0
1
0
0
0
0
0
0.25
0.75
1
1
-1000000
1
0
0
113
114
1
0
1
0
0
0
0
0
0.25
0.75
1
1
-1000000
1
0
0
116
117
1
0
1
0
0
0
0
0
0.25
0.75
1
1
-1000000
1
0
0
119
120
1
0
1
0
0
0
0
0
0.25
0.75
1
1
-1000000
1
0
0
0
5
1
3
4
13
191
0
1
1
0
4
2
3
17
192
0
1
2
0
5
4
5
9
45
190
0
5
5
6
8
41
189
0
4
6
7
37
193
0
1
7
0
1
8
0
1
9
0
4
10
18
22
236
0
5
10
11
19
23
237
0
5
11
12
20
24
238
0
5
12
13
21
25
239
0
3
14
18
240
0
4
14
15
19
241
0
4
15
16
20
242
0
4
16
17
21
243
0
4
22
26
42
232
0
5
23
27
42
43
233
0
5
24
28
43
44
234
0
5
25
29
44
45
235
0
4
26
30
38
228
0
5
27
31
38
39
229
0
5
28
32
39
40
230
0
5
29
33
40
41
231
0
3
30
34
244
0
4
31
34
35
245
0
4
32
35
36
246
0
4
33
36
37
247
0
6
46
52
55
82
187
191
0
1
46
0
6
47
53
56
83
183
187
0
1
47
0
5
48
54
57
84
183
0
1
48
0
5
49
52
94
188
192
0
1
49
0
5
50
53
95
184
188
0
1
50
0
4
51
54
96
184
0
1
51
0
6
55
58
70
178
186
190
0
6
56
59
71
179
182
186
0
5
57
60
72
180
182
0
6
58
61
67
166
185
189
0
6
59
62
68
167
181
185
0
5
60
63
69
168
181
0
5
61
64
154
193
194
0
5
62
65
155
194
195
0
4
63
66
156
195
0
1
64
0
1
65
0
1
66
0
1
67
0
1
68
0
1
69
0
1
70
0
1
71
0
1
72
0
5
73
97
109
220
236
0
6
73
76
100
112
221
237
0
5
74
98
110
204
220
0
6
74
77
101
113
205
221
0
4
75
99
111
204
0
5
75
78
102
114
205
0
6
76
79
103
115
222
238
0
6
77
80
104
116
206
222
0
5
78
81
105
117
206
0
6
79
82
106
118
223
239
0
6
80
83
107
119
207
223
0
5
81
84
108
120
207
0
4
85
97
224
240
0
5
85
88
100
225
241
0
4
86
98
208
224
0
5
86
89
101
209
225
0
3
87
99
208
0
4
87
90
102
209
0
5
88
91
103
226
242
0
5
89
92
104
210
226
0
4
90
93
105
210
0
5
91
94
106
227
243
0
5
92
95
107
211
227
0
4
93
96
108
211
0
5
109
121
169
216
232
0
5
110
122
170
200
216
0
4
111
123
171
200
0
6
112
124
169
172
217
233
0
6
113
125
170
173
201
217
0
5
114
126
171
174
201
0
6
115
127
172
175
218
234
0
6
116
128
173
176
202
218
0
5
117
129
174
177
202
0
6
118
130
175
178
219
235
0
6
119
131
176
179
203
219
0
5
120
132
177
180
203
0
5
121
133
157
212
228
0
5
122
134
158
196
212
0
4
123
135
159
196
0
6
124
136
157
160
213
229
0
6
125
137
158
161
197
213
0
5
126
138
159
162
197
0
6
127
139
160
163
214
230
0
6
128
140
161
164
198
214
0
5
129
141
162
165
198
0
6
130
142
163
166
215
231
0
6
131
143
164
167
199
215
0
5
132
144
165
168
199
0
4
133
145
244
248
0
4
134
146
248
252
0
3
135
147
252
0
5
136
145
148
245
249
0
5
137
146
149
249
253
0
4
138
147
150
253
0
5
139
148
151
246
250
0
5
140
149
152
250
254
0
4
141
150
153
254
0
5
142
151
154
247
251
0
5
143
152
155
251
255
0
4
144
153
156
255
0
